
precision:0.9438079650845608,recall:0.9495060373216246
precision:0.9432497013142175,recall:0.9095622119815668
precision:0.8941605839416058,recall:0.9417040358744395
precision:0.950784207679827,recall:0.9346092503987241
F-Measure:0.9466484268125855
F-Measure:0.9260997067448681
F-Measure:0.9173166926677067
F-Measure:0.942627345844504
