WallFollowerAgent-Accuracy:0.8612857142857143,
SmartWallFollowerAgent-Accuracy:0.8792857142857142,
RandomAgent-Accuracy:0.19828571428571426,
SmartRandomAgent-Accuracy:0.3314285714285714,
StraightLineAgent-Accuracy:0.9062857142857144,
SmartStraightLineAgent-Accuracy:0.9124285714285714,
ZigZagAgent-Accuracy:0.8812857142857142,
FixedSequenceAgent-Accuracy:0.46842857142857147,
