WallFollowerAgent-fmeasure:0.7378613329738358,
SmartWallFollowerAgent-fmeasure:0.7483168703256389,
RandomAgent-fmeasure:0.19163982489929277,
SmartRandomAgent-fmeasure:0.2768999840559332,
StraightLineAgent-fmeasure:0.5288254612999029,
SmartStraightLineAgent-fmeasure:0.5573059094306854,
ZigZagAgent-fmeasure:0.5348205808270666,
FixedSequenceAgent-fmeasure:0.3671974790041824,
