WallFollowerAgent-Accuracy:0.8497142857142858,
SmartWallFollowerAgent-Accuracy:0.9324285714285716,
RandomAgent-Accuracy:0.2052857142857143,
SmartRandomAgent-Accuracy:0.3454285714285715,
StraightLineAgent-Accuracy:0.937857142857143,
SmartStraightLineAgent-Accuracy:0.9355714285714286,
ZigZagAgent-Accuracy:0.9541428571428572,
FixedSequenceAgent-Accuracy:0.6775714285714285,
