
precision:0.5714285714285714,recall:0.7407407407407407
precision:0.5982857142857143,recall:0.72356599861783
precision:0.8,recall:0.5378409527468305
precision:0.6851428571428572,recall:0.749375
F-Measure:0.6451612903225806
F-Measure:0.6549890522364717
F-Measure:0.6432345508844475
F-Measure:0.7158208955223881
