
precision:0.3346590909090909,recall:0.34647058823529414
precision:0.3691776883266245,recall:0.34910277324632955
precision:0.3380199179847686,recall:0.33841642228739005
precision:0.3455964325529543,recall:0.3530751708428246
F-Measure:0.34046242774566476
F-Measure:0.3588596981553941
F-Measure:0.33821805392731535
F-Measure:0.3492957746478873
