
precision:0.9255509231685527,recall:0.9389728096676737
precision:0.9327082184225042,recall:0.9023479188900747
precision:0.9063022866703848,recall:0.9409380428488708
precision:0.9294460641399417,recall:0.9139908256880734
F-Measure:0.9322135572885423
F-Measure:0.9172769189042582
F-Measure:0.9232954545454545
F-Measure:0.9216536571263372
