
precision:0.4129821260583255,recall:0.38729598588442876
precision:0.7972417840375586,recall:0.8155485517034369
precision:0.8793103448275862,recall:0.7285714285714285
F-Measure:0.39972683815160487
F-Measure:0.806291267898212
F-Measure:0.796875
