
precision:0.42897460018814676,recall:0.375
precision:0.7803697183098591,recall:0.8170506912442397
precision:0.603448275862069,recall:0.603448275862069
F-Measure:0.4001755155770075
F-Measure:0.7982890589824404
F-Measure:0.603448275862069
