
precision:0.3339604891815616,recall:0.29411764705882354
precision:0.7539612676056338,recall:0.7887950882578665
precision:0.5344827586206896,recall:0.43661971830985913
F-Measure:0.3127753303964758
F-Measure:0.7709849223614131
F-Measure:0.48062015503875966
