
precision:0.21777986829727186,recall:0.847985347985348
precision:0.9897300469483568,recall:0.8029996428996548
precision:0.7758620689655172,recall:0.8490566037735849
F-Measure:0.3465568862275449
F-Measure:0.8866399421699415
F-Measure:0.8108108108108107
