
precision:0.45719661335841955,recall:0.3996710526315789
precision:0.7866784037558685,recall:0.8251769775315482
precision:0.896551724137931,recall:0.7428571428571429
F-Measure:0.42650285212812633
F-Measure:0.8054679284963198
F-Measure:0.8125
