WallFollowerAgent-fmeasure:0.7368249998189098,
SmartWallFollowerAgent-fmeasure:0.7452956041814811,
RandomAgent-fmeasure:0.20058734737449221,
SmartRandomAgent-fmeasure:0.2627082399493249,
StraightLineAgent-fmeasure:0.551646416685352,
SmartStraightLineAgent-fmeasure:0.5523063290968797,
ZigZagAgent-fmeasure:0.5586669561598271,
FixedSequenceAgent-fmeasure:0.3633729694318931,
