WallFollowerAgent-fmeasure:0.9949563272386053,
SmartWallFollowerAgent-fmeasure:0.9179352893598273,
RandomAgent-fmeasure:0.18607905434645952,
SmartRandomAgent-fmeasure:0.3141940189648963,
StraightLineAgent-fmeasure:0.4617298620741289,
SmartStraightLineAgent-fmeasure:0.5044152899112342,
ZigZagAgent-fmeasure:0.35203144355180394,
FixedSequenceAgent-fmeasure:0.4975356139812522,
