WallFollowerAgent-fmeasure:0.8267121369798898,
SmartWallFollowerAgent-fmeasure:0.9178345212718879,
RandomAgent-fmeasure:0.19514317991752955,
SmartRandomAgent-fmeasure:0.34072193856726873,
StraightLineAgent-fmeasure:0.9374535512534267,
SmartStraightLineAgent-fmeasure:0.945257869584512,
ZigZagAgent-fmeasure:0.8631844271298187,
FixedSequenceAgent-fmeasure:0.6750341951151039,
