
precision:0.3075601374570447,recall:0.32565191024863555
precision:0.3231917336394948,recall:0.3239355581127733
precision:0.315850144092219,recall:0.3133218982275586
precision:0.3685987619583568,recall:0.35139484978540775
F-Measure:0.3163475699558174
F-Measure:0.3235632183908046
F-Measure:0.3145809414466131
F-Measure:0.35979126613567697
