
precision:0.11665098777046096,recall:0.8794326241134752
precision:1.0,recall:0.7847110292424592
precision:0.41379310344827586,recall:0.75
F-Measure:0.2059800664451827
F-Measure:0.879370403818862
F-Measure:0.5333333333333333
