
precision:0.42191909689557855,recall:0.4133640552995392
precision:0.814994131455399,recall:0.8208955223880597
precision:0.7931034482758621,recall:0.7301587301587301
F-Measure:0.4175977653631285
F-Measure:0.8179341824339248
F-Measure:0.7603305785123967
