
precision:0.41627469426152397,recall:0.3898678414096916
precision:0.8012030516431925,recall:0.8173926058973208
precision:0.4827586206896552,recall:0.5714285714285714
F-Measure:0.402638762511374
F-Measure:0.8092168630065941
F-Measure:0.5233644859813084
