
precision:0.3090310442144873,recall:0.3157135992311389
precision:0.795481220657277,recall:0.7913018096906013
precision:0.4827586206896552,recall:0.417910447761194
F-Measure:0.31233658188733066
F-Measure:0.7933860111208663
F-Measure:0.448
