
precision:0.215898400752587,recall:0.8515769944341373
precision:0.9897300469483568,recall:0.8029996428996548
precision:0.8275862068965517,recall:0.8
F-Measure:0.34446529080675425
F-Measure:0.8866399421699415
F-Measure:0.8135593220338982
