
precision:0.46801505174035746,recall:0.43717047451669594
precision:0.8130868544600939,recall:0.8320072061252064
precision:0.8793103448275862,recall:0.8095238095238095
F-Measure:0.4520672421626533
F-Measure:0.8224382280923054
F-Measure:0.8429752066115702
