Accuracy:0.6884221055263816
predicted
_________
|5620 5571 21 |
|5603 19067 0 |
|19 0 90 |
fmeasure:0.6973814696818031,

precision:0.49991104785625334,recall:0.5012486621476989
precision:0.7738858673593636,recall:0.7728820429671666
precision:0.8108108108108109,recall:0.8256880733944955
F-Measure:0.5005789614322615
F-Measure:0.7733836294313295
F-Measure:0.8181818181818182
