Accuracy:0.6745297435469979
predicted
_________
|5373 5815 30 |
|5838 18823 0 |
|31 0 81 |
fmeasure:0.6561780049830658,

precision:0.47793986835082725,recall:0.47896238188625423
precision:0.7639824661092621,recall:0.7632699403917116
precision:0.7297297297297297,recall:0.7232142857142857
F-Measure:0.4784505788067676
F-Measure:0.7636260370392909
F-Measure:0.726457399103139
