Accuracy:0.6375204912339196
predicted
_________
|4828 6542 90 |
|6333 18096 0 |
|81 0 21 |
fmeasure:0.45337458602166997,

precision:0.4294609500088952,recall:0.4212914485165794
precision:0.7344752009091647,recall:0.7407589340537886
precision:0.1891891891891892,recall:0.20588235294117646
F-Measure:0.42533697471588405
F-Measure:0.7376036847575764
F-Measure:0.19718309859154928
