Accuracy:0.7588008113139396
predicted
_________
|2672 0 111 |
|8570 24638 0 |
|0 0 0 |
fmeasure:0.4109606261089205,

precision:0.237680128091087,recall:0.9601149838303988
precision:1.0,recall:0.7419296555046977
precision:0.0,recall:0.0
F-Measure:0.38103386809269163
F-Measure:0.8518480102340698
F-Measure:0.0
