Accuracy:0.770692673168292
predicted
_________
|3031 17 25 |
|8183 24621 0 |
|28 0 86 |
fmeasure:0.6817212124718172,

precision:0.2696139476961395,recall:0.9863325740318907
precision:0.9993100089292962,recall:0.7505487135715156
precision:0.7747747747747747,recall:0.7543859649122807
F-Measure:0.4234718826405869
F-Measure:0.8572473103304202
F-Measure:0.7644444444444445
