Accuracy:0.7180961907143453
predicted
_________
|6128 5015 17 |
|5084 19623 0 |
|30 0 94 |
fmeasure:0.714144316526318,

precision:0.5450987368795588,recall:0.5491039426523298
precision:0.7964526341423817,recall:0.794228356336261
precision:0.8468468468468469,recall:0.7580645161290323
F-Measure:0.5470940094634408
F-Measure:0.7953389401155133
F-Measure:0.7999999999999999
