
precision:0.3461962513781698,recall:0.33564938535542493
precision:0.3182089552238806,recall:0.3232261976955731
precision:0.30198915009041594,recall:0.3135168961201502
precision:0.38390928725701945,recall:0.37778958554729014
F-Measure:0.34084124830393486
F-Measure:0.3206979542719615
F-Measure:0.3076450721522874
F-Measure:0.38082485270487415
