
precision:0.9304347826086956,recall:0.9463443396226415
precision:0.9432387312186978,recall:0.9167117360735533
precision:0.9257790368271954,recall:0.9385410683515221
precision:0.9392877991827204,recall:0.9387397899649942
F-Measure:0.938322128032739
F-Measure:0.929786066922655
F-Measure:0.9321163719338277
F-Measure:0.9390137146192006
