Accuracy:0.6706378402852453
predicted
_________
|5428 5828 20 |
|5779 18249 0 |
|12 0 22 |
fmeasure:0.6067529370512482,

precision:0.4838220875300829,recall:0.4813763746009223
precision:0.7579432653569796,recall:0.7594889295821542
precision:0.5238095238095238,recall:0.6470588235294118
F-Measure:0.48259613247388305
F-Measure:0.7587153102588088
F-Measure:0.5789473684210527
