Accuracy:0.6609598732242912
predicted
_________
|5256 5992 26 |
|5937 18085 0 |
|26 0 16 |
fmeasure:0.5334294877249853,

precision:0.4684909528478474,recall:0.466205428419372
precision:0.751131785521452,recall:0.7528515527433186
precision:0.38095238095238093,recall:0.38095238095238093
F-Measure:0.4673453963455297
F-Measure:0.7519906858770452
F-Measure:0.38095238095238093
