Accuracy:0.6424528835814137
predicted
_________
|4905 6283 38 |
|6276 17794 0 |
|38 0 4 |
fmeasure:0.42381983173539606,

precision:0.43720474195561104,recall:0.43693212185996794
precision:0.7390455621547535,recall:0.7392604902368093
precision:0.09523809523809523,recall:0.09523809523809523
F-Measure:0.4370683893963021
F-Measure:0.7391530105717906
F-Measure:0.09523809523809523
