Accuracy:0.7558152696813628
predicted
_________
|2632 0 42 |
|8587 24077 0 |
|0 0 0 |
fmeasure:0.4091863569843294,

precision:0.23460201443978965,recall:0.9842931937172775
precision:1.0,recall:0.7371111927504286
precision:0.0,recall:0.0
F-Measure:0.3788958468293385
F-Measure:0.8486632241236496
F-Measure:0.0
