Accuracy:0.764644292263286
predicted
_________
|2947 25 20 |
|8260 24052 0 |
|12 0 22 |
fmeasure:0.6155902291824559,

precision:0.26267938318923256,recall:0.9849598930481284
precision:0.9989616646592183,recall:0.744367417677643
precision:0.5238095238095238,recall:0.6470588235294118
F-Measure:0.41474913799169655
F-Measure:0.8530741811346184
F-Measure:0.5789473684210527
