Accuracy:0.6997849340653122
predicted
_________
|6001 5372 19 |
|5205 18705 0 |
|13 0 23 |
fmeasure:0.6333777729427931,

precision:0.5348961583028791,recall:0.5267731741573034
precision:0.7768825019728371,recall:0.7823086574654956
precision:0.5476190476190477,recall:0.6388888888888888
F-Measure:0.5308035911724382
F-Measure:0.7795861379123512
F-Measure:0.5897435897435898
