
precision:0.939765755716676,recall:0.939765755716676
precision:0.9161364950838635,recall:0.8824512534818941
precision:0.9449760765550239,recall:0.9202096680256261
precision:0.8887043189368771,recall:0.9469026548672567
F-Measure:0.939765755716676
F-Measure:0.8989784335981839
F-Measure:0.9324284449690176
F-Measure:0.9168808911739503
