
precision:0.34057971014492755,recall:0.34057971014492755
precision:0.3086854460093897,recall:0.3114268798105388
precision:0.34323040380047504,recall:0.3392018779342723
precision:0.34763476347634764,recall:0.3485934914506343
F-Measure:0.34057971014492755
F-Measure:0.3100501031535514
F-Measure:0.3412042502951594
F-Measure:0.3481134673643624
