
precision:0.3403225806451613,recall:0.3408723747980614
precision:0.32948328267477206,recall:0.32670283303194697
precision:0.32444168734491313,recall:0.32184615384615384
precision:0.34891131173659057,recall:0.3534158149542765
F-Measure:0.3405972558514932
F-Measure:0.32808716707021796
F-Measure:0.32313870868087735
F-Measure:0.3511491181186531
