Accuracy:0.999
predicted
_________
|245 1 0 0 |
|0 251 0 0 |
|0 0 251 0 |
|0 0 0 252 |
fmeasure:0.9989938171379058,

precision:1.0,recall:0.9959349593495935
precision:0.996031746031746,recall:1.0
precision:1.0,recall:1.0
precision:1.0,recall:1.0
F-Measure:0.9979633401221996
F-Measure:0.9980119284294234
F-Measure:1.0
F-Measure:1.0
