
precision:0.9410443571027512,recall:0.9352678571428571
precision:0.9047340736411456,recall:0.9247311827956989
precision:0.9239976062238181,recall:0.9223416965352449
precision:0.9352204681545999,recall:0.9236559139784947
F-Measure:0.9381472152253008
F-Measure:0.9146233382570161
F-Measure:0.9231689088191329
F-Measure:0.9294022180146065
