
precision:0.9485294117647058,recall:0.9469226425748165
precision:0.9629418472063854,recall:0.912972972972973
precision:0.8945835760046593,recall:0.9388753056234719
precision:0.9307211811470755,recall:0.9403327596098681
F-Measure:0.9477253461429783
F-Measure:0.9372918978912319
F-Measure:0.9161944527288995
F-Measure:0.9355022831050228
