
precision:0.9376083188908145,recall:0.9232081911262798
precision:0.9430485762144054,recall:0.8969729155602761
precision:0.9060364464692483,recall:0.9347826086956522
precision:0.8966318234610917,recall:0.931804465902233
F-Measure:0.9303525365434222
F-Measure:0.9194338595536201
F-Measure:0.920185078079815
F-Measure:0.9138798461083161
