
precision:0.31564551422319476,recall:0.3120605732828556
precision:0.3198090692124105,recall:0.3266301035953687
precision:0.30685920577617326,recall:0.3028503562945368
precision:0.35714285714285715,recall:0.35870755750273825
F-Measure:0.31384280663584446
F-Measure:0.3231835996382273
F-Measure:0.3048416019127317
F-Measure:0.3579234972677596
