
precision:0.9257109692396982,recall:0.9393404004711425
precision:0.9359688195991092,recall:0.9333703498056635
precision:0.9369676320272572,recall:0.9171762090050027
precision:0.9343023255813954,recall:0.9441833137485312
F-Measure:0.932475884244373
F-Measure:0.934667778704476
F-Measure:0.9269662921348314
F-Measure:0.9392168322618353
