Accuracy:0.673587178840604
predicted
_________
|6030 5786 30 |
|5807 17955 0 |
|27 0 56 |
fmeasure:0.6424400966689893,

precision:0.5082602832097101,recall:0.5090325848387641
precision:0.756286592814119,recall:0.7556182139550542
precision:0.6511627906976745,recall:0.6746987951807228
F-Measure:0.5086461408688316
F-Measure:0.7559522556470119
F-Measure:0.6627218934911243
