Accuracy:0.6621277072651369
predicted
_________
|5906 6076 25 |
|5932 17665 0 |
|26 0 61 |
fmeasure:0.6487878462915815,

precision:0.4978084962913014,recall:0.4918797368201882
precision:0.7440714375974053,recall:0.7486121117091156
precision:0.7093023255813954,recall:0.7011494252873564
F-Measure:0.494826358342759
F-Measure:0.746334868393257
F-Measure:0.7052023121387283
