Accuracy:0.6353982796783503
predicted
_________
|5387 6458 78 |
|6399 17283 0 |
|78 0 8 |
fmeasure:0.4249488535963631,

precision:0.45406271072151044,recall:0.4518158181665688
precision:0.7279811296912514,recall:0.7297947808462123
precision:0.09302325581395349,recall:0.09302325581395349
F-Measure:0.452936477908101
F-Measure:0.7288868270670349
F-Measure:0.09302325581395347
