Accuracy:0.7626572525286487
predicted
_________
|3449 22 34 |
|8409 23719 0 |
|6 0 52 |
fmeasure:0.6733803983721228,

precision:0.29071139581928523,recall:0.9840228245363766
precision:0.9990733330525252,recall:0.7382656872509961
precision:0.6046511627906976,recall:0.896551724137931
F-Measure:0.4488255579413104
F-Measure:0.8490934149528361
F-Measure:0.7222222222222221
