Accuracy:0.700540752570676
predicted
_________
|6603 5409 18 |
|5248 18332 0 |
|13 0 68 |
fmeasure:0.7139519139078243,

precision:0.5565576534052596,recall:0.5488778054862843
precision:0.7721662945958468,recall:0.7774385072094996
precision:0.7906976744186046,recall:0.8395061728395061
F-Measure:0.5526910521469826
F-Measure:0.7747934320914605
F-Measure:0.8143712574850299
