
precision:0.9994939271255061,recall:1.0
precision:0.983670803396473,recall:1.0
precision:1.0,recall:0.9986622073578595
precision:0.9995,recall:0.9876482213438735
F-Measure:0.9997468995191091
F-Measure:0.991768192295028
F-Measure:0.999330655957162
F-Measure:0.9935387673956263
