Accuracy:0.6840976056297737
predicted
_________
|6096 5456 24 |
|5537 17738 0 |
|26 0 80 |
fmeasure:0.683354692772407,

precision:0.5228578780341367,recall:0.5266067726330339
precision:0.7647667500215573,recall:0.7621052631578947
precision:0.7692307692307693,recall:0.7547169811320755
F-Measure:0.5247256294383473
F-Measure:0.7634336869741118
F-Measure:0.7619047619047619
