Accuracy:0.6775467002317133
predicted
_________
|6051 5600 64 |
|5575 17594 0 |
|33 0 40 |
fmeasure:0.5762331504435176,

precision:0.518998198816365,recall:0.51651728553137
precision:0.7585582478227128,recall:0.7593767534205188
precision:0.38461538461538464,recall:0.547945205479452
F-Measure:0.5177547702575511
F-Measure:0.7589672799430581
F-Measure:0.45197740112994356
