Accuracy:0.650542094573333
predicted
_________
|5531 5994 94 |
|6023 17200 0 |
|105 0 10 |
fmeasure:0.43588154394466283,

precision:0.4743974611887812,recall:0.47603063946983387
precision:0.7415710959730965,recall:0.740645050165784
precision:0.09615384615384616,recall:0.08695652173913043
F-Measure:0.4752126471346335
F-Measure:0.741107783786113
F-Measure:0.091324200913242
