Accuracy:0.7634808478988472
predicted
_________
|3495 0 104 |
|8164 23194 0 |
|0 0 0 |
fmeasure:0.4361549852100503,

precision:0.2997684192469337,recall:0.9711030841900528
precision:1.0,recall:0.7396517635053256
precision:0.0,recall:0.0
F-Measure:0.45812033031852145
F-Measure:0.8503446253116294
F-Measure:0.0
