Accuracy:0.7742369196441342
predicted
_________
|3813 12 34 |
|7834 23182 0 |
|12 0 70 |
fmeasure:0.6997946786431646,

precision:0.3270434857191869,recall:0.9880798134231666
precision:0.999482624816763,recall:0.747420686097498
precision:0.6730769230769231,recall:0.8536585365853658
F-Measure:0.4914293079005026
F-Measure:0.8552665559859803
F-Measure:0.7526881720430108
