Accuracy:0.7121892610921989
predicted
_________
|6710 5086 26 |
|4931 18108 0 |
|18 0 78 |
fmeasure:0.7116208307794508,

precision:0.5755210566943991,recall:0.567585856877009
precision:0.7807191515046995,recall:0.785971613351274
precision:0.75,recall:0.8125
F-Measure:0.5715259145692261
F-Measure:0.7833365777691259
F-Measure:0.78
