
precision:0.9343817787418656,recall:0.9140583554376658
precision:0.9424673784104389,recall:0.9238372093023256
precision:0.921604938271605,recall:0.9221741815935763
precision:0.9162162162162162,recall:0.9543918918918919
F-Measure:0.9241083400375436
F-Measure:0.9330593071051086
F-Measure:0.9218894720592776
F-Measure:0.9349145063430777
