
precision:0.935256032960565,recall:0.9369103773584906
precision:0.9524599226091763,recall:0.9087552742616034
precision:0.9038351459645106,recall:0.9472105578884223
precision:0.9386819484240687,recall:0.9408385985066055
F-Measure:0.9360824742268041
F-Measure:0.9300944669365722
F-Measure:0.9250146455770358
F-Measure:0.9397590361445783
