
precision:0.3164983164983165,recall:0.3371189479976091
precision:0.33294255568581477,recall:0.3323581041544763
precision:0.29289940828402367,recall:0.30405405405405406
precision:0.3814489571899012,recall:0.3492462311557789
F-Measure:0.3264833574529667
F-Measure:0.3326500732064422
F-Measure:0.29837251356238703
F-Measure:0.36463798530954883
