
precision:0.9489742240925828,recall:0.9445026178010472
precision:0.908411214953271,recall:0.908411214953271
precision:0.9017230376515635,recall:0.927774130006566
precision:0.9470679813181111,recall:0.9301732925586137
F-Measure:0.9467331409078981
F-Measure:0.908411214953271
F-Measure:0.9145631067961164
F-Measure:0.9385446130110568
