
precision:0.4109014675052411,recall:0.43420469649977844
precision:0.8080854309687262,recall:0.7930827968258721
precision:0.6833333333333333,recall:0.640625
F-Measure:0.4222317966393796
F-Measure:0.8005138280187397
F-Measure:0.6612903225806451
