Accuracy:0.7506610393572664
predicted
_________
|1316 969 138 |
|8655 28122 0 |
|44 1 87 |
fmeasure:0.5176270584808117,

precision:0.13140289565651522,recall:0.5431283532810566
precision:0.9666575003437371,recall:0.7646626967941921
precision:0.38666666666666666,recall:0.6590909090909091
F-Measure:0.21160958353433026
F-Measure:0.8538766339249115
F-Measure:0.48739495798319327
