
precision:0.38951781970649896,recall:0.41179078014184395
precision:0.8019832189168573,recall:0.7846268656716417
precision:0.48333333333333334,recall:0.6590909090909091
F-Measure:0.4003447532859298
F-Measure:0.7932101093926819
F-Measure:0.5576923076923077
