
precision:0.3027253668763103,recall:0.34234234234234234
precision:0.7949656750572083,recall:0.7601750547045952
precision:0.2833333333333333,recall:0.4722222222222222
F-Measure:0.3213173119715176
F-Measure:0.7771812080536913
F-Measure:0.3541666666666667
