
precision:0.20922431865828092,recall:0.7414561664190193
precision:0.9757437070938215,recall:0.7735849056603774
precision:0.75,recall:0.7627118644067796
F-Measure:0.3263570961412688
F-Measure:0.8629832017810161
F-Measure:0.7563025210084034
