
precision:0.361358574610245,recall:0.36687394007914076
precision:0.3040141676505313,recall:0.322884012539185
precision:0.35325443786982247,recall:0.3380520951302378
precision:0.36538461538461536,recall:0.35561497326203206
F-Measure:0.3640953716690042
F-Measure:0.3131650957737915
F-Measure:0.3454861111111111
F-Measure:0.3604336043360433
