WallFollowerAgent-Accuracy:0.8631428571428571

,
SmartWallFollowerAgent-Accuracy:0.8838571428571428

,
RandomAgent-Accuracy:0.20199999999999999

,
SmartRandomAgent-Accuracy:0.3359999999999999

,
StraightLineAgent-Accuracy:0.9104285714285715

,
SmartStraightLineAgent-Accuracy:0.9118571428571428,
ZigZagAgent-Accuracy:0.8791428571428571,
FixedSequenceAgent-Accuracy:0.47585714285714287

