WallFollowerAgent-Accuracy:0.9215714285714285

,
SmartWallFollowerAgent-Accuracy:0.9432857142857143

,
RandomAgent-Accuracy:0.2005714285714286

,
SmartRandomAgent-Accuracy:0.3358571428571429,
StraightLineAgent-Accuracy:0.6952857142857143,
SmartStraightLineAgent-Accuracy:0.6547142857142857

,
ZigZagAgent-Accuracy:0.6985714285714285,
FixedSequenceAgent-Accuracy:0.42042857142857143

,