
precision:0.9310344827586207,recall:0.9420461265523359
precision:0.9273029966703663,recall:0.9298831385642737
precision:0.9318693693693694,recall:0.9276905829596412
precision:0.9427235534774986,recall:0.9334490740740741
F-Measure:0.9365079365079364
F-Measure:0.9285912753542652
F-Measure:0.9297752808988763
F-Measure:0.9380633905205001
