WallFollowerAgent-fmeasure:0.7376100380798636,
SmartWallFollowerAgent-fmeasure:0.7486465997284212,
RandomAgent-fmeasure:0.2045515020273838,
SmartRandomAgent-fmeasure:0.26826702439951394,
StraightLineAgent-fmeasure:0.39760550765370434,
SmartStraightLineAgent-fmeasure:0.3884193071988731,
ZigZagAgent-fmeasure:0.33248840889005604,
FixedSequenceAgent-fmeasure:0.32482728788297904,
