WallFollowerAgent-fmeasure:0.9949563272386053,
SmartWallFollowerAgent-fmeasure:0.9179352893598273,
RandomAgent-fmeasure:0.16993265510734806,
SmartRandomAgent-fmeasure:0.33496475747591054,
StraightLineAgent-fmeasure:0.4622350680118352,
SmartStraightLineAgent-fmeasure:0.5037707486504559,
ZigZagAgent-fmeasure:0.35203144355180394,
FixedSequenceAgent-fmeasure:0.4975356139812522,
