WallFollowerAgent-Accuracy:0.9955714285714287,
SmartWallFollowerAgent-Accuracy:0.9318571428571428,
RandomAgent-Accuracy:0.19585714285714287,
SmartRandomAgent-Accuracy:0.3538571428571429,
StraightLineAgent-Accuracy:0.5065714285714286,
SmartStraightLineAgent-Accuracy:0.5055714285714286,
ZigZagAgent-Accuracy:0.5072857142857143,
FixedSequenceAgent-Accuracy:0.5431428571428571,
