WallFollowerAgent-Accuracy:0.8497142857142858,
SmartWallFollowerAgent-Accuracy:0.9324285714285716,
RandomAgent-Accuracy:0.20414285714285715,
SmartRandomAgent-Accuracy:0.3472857142857143,
StraightLineAgent-Accuracy:0.9434285714285714,
SmartStraightLineAgent-Accuracy:0.9365714285714286,
ZigZagAgent-Accuracy:0.9541428571428572,
FixedSequenceAgent-Accuracy:0.6775714285714285,
