WallFollowerAgent-fmeasure:0.8267121369798898,
SmartWallFollowerAgent-fmeasure:0.9178345212718879,
RandomAgent-fmeasure:0.18868066670506953,
SmartRandomAgent-fmeasure:0.343638735721706,
StraightLineAgent-fmeasure:0.9432163397488347,
SmartStraightLineAgent-fmeasure:0.9365040892183791,
ZigZagAgent-fmeasure:0.8631844271298187,
FixedSequenceAgent-fmeasure:0.6750341951151039,
