WallFollowerAgent-Accuracy:0.9262857142857143,
SmartWallFollowerAgent-Accuracy:0.9404285714285713,
RandomAgent-Accuracy:0.2064285714285714,
SmartRandomAgent-Accuracy:0.3394285714285714,
StraightLineAgent-Accuracy:0.9118571428571428,
SmartStraightLineAgent-Accuracy:0.9118571428571428,
ZigZagAgent-Accuracy:0.9070000000000001,
FixedSequenceAgent-Accuracy:0.5085714285714286,
