
precision:0.9425947187141217,recall:0.9469434832756632
precision:0.953943580886586,recall:0.9139547710976282
precision:0.9202561117578579,recall:0.947841726618705
precision:0.9417637271214643,recall:0.9512605042016806
F-Measure:0.9447640966628309
F-Measure:0.9335211267605634
F-Measure:0.9338452451269935
F-Measure:0.9464882943143813
