
precision:0.9374301675977653,recall:0.8978063135366506
precision:0.9466275659824047,recall:0.8996655518394648
precision:0.9017272185824896,recall:0.9374613003095975
precision:0.8937568455640745,recall:0.9477351916376306
F-Measure:0.9171904892047007
F-Measure:0.9225492997999428
F-Measure:0.9192471159684275
F-Measure:0.9199549041713643
