
precision:0.9291125541125541,recall:0.9387643521049754
precision:0.9381381381381382,recall:0.8711656441717791
precision:0.908138101109741,recall:0.9287515762925599
precision:0.9045576407506702,recall:0.94140625
F-Measure:0.9339135164536306
F-Measure:0.9034123770965877
F-Measure:0.9183291770573566
F-Measure:0.9226141646158053
