
precision:0.9221311475409836,recall:0.9303012404016539
precision:0.9436936936936937,recall:0.9138495092693566
precision:0.9112857944974734,recall:0.9463556851311954
precision:0.9412103746397694,recall:0.928896473265074
F-Measure:0.9261981770067628
F-Measure:0.9285318559556787
F-Measure:0.9284897025171625
F-Measure:0.9350128829086743
