
precision:0.9451000513083633,recall:0.9470437017994858
precision:0.9423201555411536,recall:0.9156171284634761
precision:0.9204470742932281,recall:0.9358288770053476
precision:0.9516859587317564,recall:0.9594114662607813
F-Measure:0.9460708782742682
F-Measure:0.9287767486426061
F-Measure:0.9280742459396751
F-Measure:0.955533097524002
