
precision:0.7307692307692307,recall:0.8154506437768241
precision:0.9855656260490098,recall:0.962938668415874
precision:0.9487179487179487,recall:0.9877063575693713
precision:0.8417132216014898,recall:0.7084639498432602
F-Measure:0.7707910750507098
F-Measure:0.9741207697412078
F-Measure:0.9678196523834107
F-Measure:0.7693617021276595
