WallFollowerAgent-Accuracy:0.9234285714285714,
SmartWallFollowerAgent-Accuracy:0.9445714285714286,
RandomAgent-Accuracy:0.1945714285714286,
SmartRandomAgent-Accuracy:0.3338571428571429,
StraightLineAgent-Accuracy:0.6689999999999999,
SmartStraightLineAgent-Accuracy:0.6664285714285715,
ZigZagAgent-Accuracy:0.7044285714285714,
FixedSequenceAgent-Accuracy:0.4381428571428571,
