
precision:0.9259662493195427,recall:0.9341021416803954
precision:0.908373786407767,recall:0.9292364990689013
precision:0.9148673658235656,recall:0.9211180124223602
precision:0.9487856388595565,recall:0.9177732379979571
F-Measure:0.9300164024056862
F-Measure:0.9186867137158637
F-Measure:0.917982048901269
F-Measure:0.9330218068535825
