WallFollowerAgent-Accuracy:0.8634285714285715,
SmartWallFollowerAgent-Accuracy:0.8799999999999999,
RandomAgent-Accuracy:0.1907142857142857,
SmartRandomAgent-Accuracy:0.3338571428571429,
StraightLineAgent-Accuracy:0.9039999999999999,
SmartStraightLineAgent-Accuracy:0.9024285714285715,
ZigZagAgent-Accuracy:0.8804285714285714,
FixedSequenceAgent-Accuracy:0.47400000000000003,
