WallFollowerAgent-Accuracy:0.9214285714285715,
SmartWallFollowerAgent-Accuracy:0.9424285714285715,
RandomAgent-Accuracy:0.204,
SmartRandomAgent-Accuracy:0.3392857142857143,
StraightLineAgent-Accuracy:0.6674285714285715,
SmartStraightLineAgent-Accuracy:0.6442857142857142,
ZigZagAgent-Accuracy:0.6764285714285715,
FixedSequenceAgent-Accuracy:0.4267142857142857,
