WallFollowerAgent-fmeasure:0.73639029978434,
SmartWallFollowerAgent-fmeasure:0.7466425055634861,
RandomAgent-fmeasure:0.20376263617460405,
SmartRandomAgent-fmeasure:0.2709279891147853,
StraightLineAgent-fmeasure:0.5342482848059038,
SmartStraightLineAgent-fmeasure:0.5154401586751783,
ZigZagAgent-fmeasure:0.439711395192613,
FixedSequenceAgent-fmeasure:0.3475249827346725,
