WallFollowerAgent-Accuracy:0.9955714285714287,
SmartWallFollowerAgent-Accuracy:0.9318571428571428,
RandomAgent-Accuracy:0.2067142857142857,
SmartRandomAgent-Accuracy:0.3301428571428571,
StraightLineAgent-Accuracy:0.5038571428571428,
SmartStraightLineAgent-Accuracy:0.5078571428571429,
ZigZagAgent-Accuracy:0.5072857142857143,
FixedSequenceAgent-Accuracy:0.5431428571428571,
