WallFollowerAgent-fmeasure:0.8267121369798898,
SmartWallFollowerAgent-fmeasure:0.9178345212718879,
RandomAgent-fmeasure:0.19801126732586619,
SmartRandomAgent-fmeasure:0.3426807856124948,
StraightLineAgent-fmeasure:0.9388612779445187,
SmartStraightLineAgent-fmeasure:0.941924701745247,
ZigZagAgent-fmeasure:0.8631844271298187,
FixedSequenceAgent-fmeasure:0.6750341951151039,
