WallFollowerAgent-Accuracy:0.9212857142857143,
SmartWallFollowerAgent-Accuracy:0.941857142857143,
RandomAgent-Accuracy:0.19671428571428576,
SmartRandomAgent-Accuracy:0.33,
StraightLineAgent-Accuracy:0.502,
SmartStraightLineAgent-Accuracy:0.4988571428571428,
ZigZagAgent-Accuracy:0.47614285714285715,
FixedSequenceAgent-Accuracy:0.41485714285714287,
