WallFollowerAgent-fmeasure:0.7374468525265696,
SmartWallFollowerAgent-fmeasure:0.7485091587082008,
RandomAgent-fmeasure:0.1947991987416467,
SmartRandomAgent-fmeasure:0.26474900564398623,
StraightLineAgent-fmeasure:0.5735345773465343,
SmartStraightLineAgent-fmeasure:0.5687897810528174,
ZigZagAgent-fmeasure:0.5512527696674905,
FixedSequenceAgent-fmeasure:0.36758987689347444,
