WallFollowerAgent-fmeasure:0.7380297002925985,
SmartWallFollowerAgent-fmeasure:0.7477331436830674,
RandomAgent-fmeasure:0.19995074149388492,
SmartRandomAgent-fmeasure:0.26910908949732854,
StraightLineAgent-fmeasure:0.5405524256895895,
SmartStraightLineAgent-fmeasure:0.5213877345935878,
ZigZagAgent-fmeasure:0.4344312052439984,
FixedSequenceAgent-fmeasure:0.3424115140788173,
