WallFollowerAgent-fmeasure:0.9949563272386053,
SmartWallFollowerAgent-fmeasure:0.9179352893598273,
RandomAgent-fmeasure:0.1976715536097186,
SmartRandomAgent-fmeasure:0.3297900413786718,
StraightLineAgent-fmeasure:0.5079891835151865,
SmartStraightLineAgent-fmeasure:0.5502901440406516,
ZigZagAgent-fmeasure:0.35203144355180394,
FixedSequenceAgent-fmeasure:0.4975356139812522,
