WallFollowerAgent-Accuracy:0.9955714285714287,
SmartWallFollowerAgent-Accuracy:0.9318571428571428,
RandomAgent-Accuracy:0.20642857142857143,
SmartRandomAgent-Accuracy:0.3484285714285714,
StraightLineAgent-Accuracy:0.5157142857142857,
SmartStraightLineAgent-Accuracy:0.5531428571428572,
ZigZagAgent-Accuracy:0.5072857142857143,
FixedSequenceAgent-Accuracy:0.5431428571428571,
