WallFollowerAgent-Accuracy:0.8497142857142858,
SmartWallFollowerAgent-Accuracy:0.9324285714285716,
RandomAgent-Accuracy:0.20585714285714288,
SmartRandomAgent-Accuracy:0.3362857142857143,
StraightLineAgent-Accuracy:0.9390000000000001,
SmartStraightLineAgent-Accuracy:0.9468571428571428,
ZigZagAgent-Accuracy:0.9541428571428572,
FixedSequenceAgent-Accuracy:0.6775714285714285,
