WallFollowerAgent-fmeasure:0.8267121369798898,
SmartWallFollowerAgent-fmeasure:0.9178345212718879,
RandomAgent-fmeasure:0.19391790125992087,
SmartRandomAgent-fmeasure:0.33528149305443194,
StraightLineAgent-fmeasure:0.9390492541437335,
SmartStraightLineAgent-fmeasure:0.9467361165603784,
ZigZagAgent-fmeasure:0.8631844271298187,
FixedSequenceAgent-fmeasure:0.6750341951151039,
