
precision:0.3426495248742314,recall:0.34515765765765766
precision:0.347571679344646,recall:0.34615384615384615
precision:0.3047563123899002,recall:0.33899412148922276
precision:0.37409672040022235,recall:0.3404147698533131
F-Measure:0.3438990182328191
F-Measure:0.34686131386861313
F-Measure:0.32096474953617815
F-Measure:0.3564618644067796
