WallFollowerAgent-fmeasure:0.6891992931652334,
SmartWallFollowerAgent-fmeasure:0.6882973246370826,
RandomAgent-fmeasure:0.19160216960241616,
SmartRandomAgent-fmeasure:0.26540831036049345,
StraightLineAgent-fmeasure:0.7344040362793786,
SmartStraightLineAgent-fmeasure:0.7400328815101815,
ZigZagAgent-fmeasure:0.6237866609988292,
FixedSequenceAgent-fmeasure:0.39212905143029925,
