WallFollowerAgent-Accuracy:0.9235714285714286,
SmartWallFollowerAgent-Accuracy:0.9425714285714285,
RandomAgent-Accuracy:0.20257142857142857,
SmartRandomAgent-Accuracy:0.329,
StraightLineAgent-Accuracy:0.6668571428571429,
SmartStraightLineAgent-Accuracy:0.6710000000000002,
ZigZagAgent-Accuracy:0.6927142857142857,
FixedSequenceAgent-Accuracy:0.4347142857142857,
