WallFollowerAgent-fmeasure:0.9949563272386053,
SmartWallFollowerAgent-fmeasure:0.9179352893598273,
RandomAgent-fmeasure:0.19712383416515053,
SmartRandomAgent-fmeasure:0.31471568600196387,
StraightLineAgent-fmeasure:0.45379931199374185,
SmartStraightLineAgent-fmeasure:0.5381122120042179,
ZigZagAgent-fmeasure:0.35203144355180394,
FixedSequenceAgent-fmeasure:0.4975356139812522,
