WallFollowerAgent-Accuracy:0.9955714285714287,
SmartWallFollowerAgent-Accuracy:0.9318571428571428,
RandomAgent-Accuracy:0.19957142857142857,
SmartRandomAgent-Accuracy:0.33,
StraightLineAgent-Accuracy:0.47685714285714287,
SmartStraightLineAgent-Accuracy:0.5418571428571429,
ZigZagAgent-Accuracy:0.5072857142857143,
FixedSequenceAgent-Accuracy:0.5431428571428571,
