
precision:0.11529299666507861,recall:0.8551236749116607
precision:1.0,recall:0.7869706086554038
precision:0.58,recall:0.7733333333333333
F-Measure:0.2031905961376994
F-Measure:0.880787411772324
F-Measure:0.6628571428571428
