
precision:0.3982848975702716,recall:0.38401469912723935
precision:0.8057638582561388,recall:0.8157189639773742
precision:0.8,recall:0.7619047619047619
F-Measure:0.39101964452759586
F-Measure:0.8107108513943339
F-Measure:0.7804878048780488
