
precision:0.4068604097189138,recall:0.37571491421029474
precision:0.7948831054256726,recall:0.8171100362756953
precision:0.75,recall:0.6756756756756757
F-Measure:0.39066788655077767
F-Measure:0.8058433330848923
F-Measure:0.7109004739336493
