
precision:0.31252977608384946,recall:0.294302377747869
precision:0.7772386413762682,recall:0.7886021184544234
precision:0.41,recall:0.6029411764705882
F-Measure:0.30314232902033267
F-Measure:0.7828791469194313
F-Measure:0.488095238095238
