
precision:0.20009528346831826,recall:0.8366533864541833
precision:0.9911777679752978,recall:0.8022134951802927
precision:0.78,recall:0.8210526315789474
F-Measure:0.32295271049596314
F-Measure:0.8867403314917127
F-Measure:0.8
