
precision:0.4263935207241544,recall:0.4231678486997636
precision:0.8225260991030731,recall:0.8255608028335301
precision:0.87,recall:0.7981651376146789
F-Measure:0.42477456098718563
F-Measure:0.8240406569934449
F-Measure:0.8325358851674641
