WallFollowerAgent-Accuracy:0.9224285714285714,
SmartWallFollowerAgent-Accuracy:0.9411428571428571,
RandomAgent-Accuracy:0.20471428571428568,
SmartRandomAgent-Accuracy:0.3374285714285715,
StraightLineAgent-Accuracy:0.9197142857142858,
SmartStraightLineAgent-Accuracy:0.9145714285714286,
ZigZagAgent-Accuracy:0.9074285714285715,
FixedSequenceAgent-Accuracy:0.5227142857142858,
