WallFollowerAgent-Accuracy:0.9232857142857143,
SmartWallFollowerAgent-Accuracy:0.9431428571428571,
RandomAgent-Accuracy:0.20185714285714282,
SmartRandomAgent-Accuracy:0.3272857142857143,
StraightLineAgent-Accuracy:0.9228571428571428,
SmartStraightLineAgent-Accuracy:0.9208571428571427,
ZigZagAgent-Accuracy:0.9047142857142857,
FixedSequenceAgent-Accuracy:0.5131428571428572,
