Accuracy:0.501
predicted
_________
|0 493 0 6 |
|0 4 0 0 |
|0 0 496 0 |
|0 0 0 1 |
fmeasure:0.31649201596806387,

precision:0.0,recall:0.0
precision:0.008048289738430584,recall:1.0
precision:1.0,recall:1.0
precision:0.14285714285714285,recall:1.0
F-Measure:0.0
F-Measure:0.01596806387225549
F-Measure:1.0
F-Measure:0.25
