WallFollowerAgent-fmeasure:0.7363696338495976,
SmartWallFollowerAgent-fmeasure:0.7464685382362013,
RandomAgent-fmeasure:0.2105579425219938,
SmartRandomAgent-fmeasure:0.27587477036666924,
StraightLineAgent-fmeasure:0.38818078793242367,
SmartStraightLineAgent-fmeasure:0.3984856792286826,
ZigZagAgent-fmeasure:0.3350457534974214,
FixedSequenceAgent-fmeasure:0.3377233394435337,
