WallFollowerAgent-Accuracy:0.9227142857142858,
SmartWallFollowerAgent-Accuracy:0.941857142857143,
RandomAgent-Accuracy:0.21057142857142858,
SmartRandomAgent-Accuracy:0.34485714285714286,
StraightLineAgent-Accuracy:0.4841428571428571,
SmartStraightLineAgent-Accuracy:0.49742857142857144,
ZigZagAgent-Accuracy:0.4779999999999999,
FixedSequenceAgent-Accuracy:0.4127142857142857,
