WallFollowerAgent-fmeasure:0.7367901196025619,
SmartWallFollowerAgent-fmeasure:0.7456173580229726,
RandomAgent-fmeasure:0.206072644601619,
SmartRandomAgent-fmeasure:0.2722260904344852,
StraightLineAgent-fmeasure:0.5306460218401814,
SmartStraightLineAgent-fmeasure:0.5056181783406025,
ZigZagAgent-fmeasure:0.4438349081816436,
FixedSequenceAgent-fmeasure:0.3481749183336036,
