WallFollowerAgent-fmeasure:0.9949563272386053,
SmartWallFollowerAgent-fmeasure:0.9179352893598273,
RandomAgent-fmeasure:0.1933441022021611,
SmartRandomAgent-fmeasure:0.30936838142764966,
StraightLineAgent-fmeasure:0.48141318204345174,
SmartStraightLineAgent-fmeasure:0.4764029554007956,
ZigZagAgent-fmeasure:0.35203144355180394,
FixedSequenceAgent-fmeasure:0.4975356139812522,
