WallFollowerAgent-Accuracy:0.9955714285714287,
SmartWallFollowerAgent-Accuracy:0.9318571428571428,
RandomAgent-Accuracy:0.20028571428571426,
SmartRandomAgent-Accuracy:0.3608571428571429,
StraightLineAgent-Accuracy:0.48928571428571427,
SmartStraightLineAgent-Accuracy:0.47800000000000004,
ZigZagAgent-Accuracy:0.5072857142857143,
FixedSequenceAgent-Accuracy:0.5431428571428571,
