WallFollowerAgent-Accuracy:0.8497142857142858,
SmartWallFollowerAgent-Accuracy:0.9324285714285716,
RandomAgent-Accuracy:0.2017142857142857,
SmartRandomAgent-Accuracy:0.3562857142857142,
StraightLineAgent-Accuracy:0.925,
SmartStraightLineAgent-Accuracy:0.9434285714285714,
ZigZagAgent-Accuracy:0.9541428571428572,
FixedSequenceAgent-Accuracy:0.6775714285714285,
