WallFollowerAgent-fmeasure:0.8267121369798898,
SmartWallFollowerAgent-fmeasure:0.9178345212718879,
RandomAgent-fmeasure:0.19535709624823305,
SmartRandomAgent-fmeasure:0.3556100188164446,
StraightLineAgent-fmeasure:0.9249248214317711,
SmartStraightLineAgent-fmeasure:0.9433574292863367,
ZigZagAgent-fmeasure:0.8631844271298187,
FixedSequenceAgent-fmeasure:0.6750341951151039,
