WallFollowerAgent-Accuracy:0.9237142857142857,
SmartWallFollowerAgent-Accuracy:0.943,
RandomAgent-Accuracy:0.19771428571428573,
SmartRandomAgent-Accuracy:0.3452857142857143,
StraightLineAgent-Accuracy:0.6704285714285714,
SmartStraightLineAgent-Accuracy:0.6554285714285715,
ZigZagAgent-Accuracy:0.6835714285714286,
FixedSequenceAgent-Accuracy:0.4275714285714286,
