WallFollowerAgent-Accuracy:0.9955714285714287,
SmartWallFollowerAgent-Accuracy:0.9318571428571428,
RandomAgent-Accuracy:0.20014285714285712,
SmartRandomAgent-Accuracy:0.3472857142857143,
StraightLineAgent-Accuracy:0.4974285714285715,
SmartStraightLineAgent-Accuracy:0.49300000000000005,
ZigZagAgent-Accuracy:0.5072857142857143,
FixedSequenceAgent-Accuracy:0.5431428571428571,
