WallFollowerAgent-Accuracy:0.8497142857142858,
SmartWallFollowerAgent-Accuracy:0.9324285714285716,
RandomAgent-Accuracy:0.20585714285714288,
SmartRandomAgent-Accuracy:0.3471428571428571,
StraightLineAgent-Accuracy:0.9411428571428572,
SmartStraightLineAgent-Accuracy:0.9255714285714286,
ZigZagAgent-Accuracy:0.9541428571428572,
FixedSequenceAgent-Accuracy:0.6775714285714285,
