
precision:0.32377740303541314,recall:0.32560768795929906
precision:0.37069468768242847,recall:0.34287257019438444
precision:0.31246308328411104,recall:0.3160095579450418
precision:0.35702479338842974,recall:0.38005865102639297
F-Measure:0.3246899661781285
F-Measure:0.35624123422159887
F-Measure:0.31422631422631425
F-Measure:0.3681818181818182
