Accuracy:0.9264
predicted
_________
|4128 37 0 43 3 |
|0 56 0 48 6 |
|0 24 366 27 88 |
|0 84 0 82 8 |
|0 0 0 0 0 |
fmeasure:0.5258182754766039,

precision:1.0,recall:0.9802897174067917
precision:0.27860696517412936,recall:0.509090909090909
precision:1.0,recall:0.7247524752475247
precision:0.41,recall:0.47126436781609193
precision:0.0,recall:0.0
F-Measure:0.9900467681976256
F-Measure:0.360128617363344
F-Measure:0.8404133180252583
F-Measure:0.4385026737967915
F-Measure:0.0
