Accuracy:0.926
predicted
_________
|4128 39 0 39 3 |
|0 67 0 66 8 |
|0 23 366 26 88 |
|0 72 0 69 6 |
|0 0 0 0 0 |
fmeasure:0.5244278381607237,

precision:1.0,recall:0.9807555238774056
precision:0.3333333333333333,recall:0.475177304964539
precision:1.0,recall:0.7276341948310139
precision:0.345,recall:0.46938775510204084
precision:0.0,recall:0.0
F-Measure:0.9902842749190356
F-Measure:0.391812865497076
F-Measure:0.8423475258918297
F-Measure:0.3976945244956772
F-Measure:0.0
