Accuracy:0.956
predicted
_________
|4127 10 0 9 0 |
|0 94 0 91 0 |
|0 5 365 11 0 |
|1 92 1 89 0 |
|0 0 0 0 105 |
fmeasure:0.7853247364706729,

precision:0.9997577519379846,recall:0.9954172696575012
precision:0.46766169154228854,recall:0.5081081081081081
precision:0.9972677595628415,recall:0.958005249343832
precision:0.445,recall:0.48633879781420764
precision:1.0,recall:1.0
F-Measure:0.9975827894609621
F-Measure:0.48704663212435234
F-Measure:0.9772423025435073
F-Measure:0.4647519582245431
F-Measure:1.0
