Accuracy:0.9338
predicted
_________
|4128 9 0 11 2 |
|0 98 11 94 10 |
|0 2 355 7 81 |
|0 92 0 88 12 |
|0 0 0 0 0 |
fmeasure:0.5590428577722961,

precision:1.0,recall:0.9946987951807229
precision:0.48756218905472637,recall:0.460093896713615
precision:0.9699453551912568,recall:0.797752808988764
precision:0.44,recall:0.4583333333333333
precision:0.0,recall:0.0
F-Measure:0.9973423532254168
F-Measure:0.47342995169082125
F-Measure:0.875462392108508
F-Measure:0.4489795918367347
F-Measure:0.0
