Accuracy:0.9452
predicted
_________
|4051 0 0 0 0 |
|41 123 20 91 0 |
|0 3 342 4 0 |
|36 75 4 105 0 |
|0 0 0 0 105 |
fmeasure:0.792807145099889,

precision:0.9813468992248062,recall:1.0
precision:0.6119402985074627,recall:0.44727272727272727
precision:0.9344262295081968,recall:0.9799426934097422
precision:0.525,recall:0.4772727272727273
precision:1.0,recall:1.0
F-Measure:0.9905856461670131
F-Measure:0.5168067226890756
F-Measure:0.9566433566433565
F-Measure:0.5
F-Measure:1.0
