Accuracy:0.9562
predicted
_________
|4113 7 0 7 0 |
|6 103 10 69 0 |
|0 8 345 9 0 |
|9 83 11 115 0 |
|0 0 0 0 105 |
fmeasure:0.804818278369288,

precision:0.9963662790697675,recall:0.9966077053549794
precision:0.5124378109452736,recall:0.5478723404255319
precision:0.9426229508196722,recall:0.9530386740331491
precision:0.575,recall:0.5275229357798165
precision:1.0,recall:1.0
F-Measure:0.9964869775893398
F-Measure:0.5295629820051414
F-Measure:0.9478021978021978
F-Measure:0.5502392344497608
F-Measure:1.0
