WallFollowerAgent-Accuracy:0.9254285714285714,
SmartWallFollowerAgent-Accuracy:0.9427142857142856,
RandomAgent-Accuracy:0.20442857142857146,
SmartRandomAgent-Accuracy:0.338,
StraightLineAgent-Accuracy:0.686,
SmartStraightLineAgent-Accuracy:0.6798571428571429,
ZigZagAgent-Accuracy:0.6854285714285713,
FixedSequenceAgent-Accuracy:0.42842857142857144,
