WallFollowerAgent-fmeasure:0.7390261486353557,
SmartWallFollowerAgent-fmeasure:0.7468960067130314,
RandomAgent-fmeasure:0.20416928594296943,
SmartRandomAgent-fmeasure:0.2704154310836564,
StraightLineAgent-fmeasure:0.5496375751875412,
SmartStraightLineAgent-fmeasure:0.5447267578826196,
ZigZagAgent-fmeasure:0.4509813731071374,
FixedSequenceAgent-fmeasure:0.34870442967048304,
