WallFollowerAgent-Accuracy:0.9955714285714287,
SmartWallFollowerAgent-Accuracy:0.9318571428571428,
RandomAgent-Accuracy:0.20085714285714287,
SmartRandomAgent-Accuracy:0.34842857142857137,
StraightLineAgent-Accuracy:0.5041428571428571,
SmartStraightLineAgent-Accuracy:0.49614285714285716,
ZigZagAgent-Accuracy:0.5072857142857143,
FixedSequenceAgent-Accuracy:0.5431428571428571,
