WallFollowerAgent-Accuracy:0.8497142857142858,
SmartWallFollowerAgent-Accuracy:0.9324285714285716,
RandomAgent-Accuracy:0.202,
SmartRandomAgent-Accuracy:0.35585714285714287,
StraightLineAgent-Accuracy:0.9417142857142858,
SmartStraightLineAgent-Accuracy:0.9384285714285714,
ZigZagAgent-Accuracy:0.9541428571428572,
FixedSequenceAgent-Accuracy:0.6775714285714285,
