WallFollowerAgent-fmeasure:0.8267121369798898,
SmartWallFollowerAgent-fmeasure:0.9178345212718879,
RandomAgent-fmeasure:0.1910650125492953,
SmartRandomAgent-fmeasure:0.35013907465385136,
StraightLineAgent-fmeasure:0.9417108739699483,
SmartStraightLineAgent-fmeasure:0.9384225290133418,
ZigZagAgent-fmeasure:0.8631844271298187,
FixedSequenceAgent-fmeasure:0.6750341951151039,
