
precision:0.9959514170040485,recall:1.0
precision:0.9977992957746479,recall:0.9982386613826508
precision:1.0,recall:0.9968791796700847
precision:0.9952267303102625,recall:0.9960191082802548
F-Measure:0.9979716024340771
F-Measure:0.9980189302223201
F-Measure:0.9984371511498102
F-Measure:0.9956227616394748
