WallFollowerAgent-fmeasure:0.7372112945833814,
SmartWallFollowerAgent-fmeasure:0.7462014472268444,
RandomAgent-fmeasure:0.19565651584490137,
SmartRandomAgent-fmeasure:0.2716744191623154,
StraightLineAgent-fmeasure:0.7360100626259027,
SmartStraightLineAgent-fmeasure:0.7452119083101436,
ZigZagAgent-fmeasure:0.6323965704507011,
FixedSequenceAgent-fmeasure:0.4139092509716871,
