
precision:0.3864734299516908,recall:0.37344398340248963
precision:0.8316650218525307,recall:0.8400740529763601
precision:0.6818181818181818,recall:0.6
F-Measure:0.3798470060670008
F-Measure:0.8358483882394616
F-Measure:0.6382978723404256
