
precision:0.38593666129898013,recall:0.3526238352133399
precision:0.8167207105597067,recall:0.8368968506212078
precision:0.5454545454545454,recall:0.6153846153846154
F-Measure:0.3685289595079447
F-Measure:0.8266856938993935
F-Measure:0.5783132530120482
