
precision:0.3048845947396672,recall:0.29218106995884774
precision:0.8086846186380939,recall:0.8188436830835117
precision:0.5681818181818182,recall:0.49019607843137253
F-Measure:0.2983976884686105
F-Measure:0.813732444318343
F-Measure:0.5263157894736843
