
precision:0.11862587224906065,recall:0.9132231404958677
precision:1.0,recall:0.8130444750114626
precision:0.5227272727272727,recall:0.6764705882352942
F-Measure:0.20997624703087886
F-Measure:0.8968831004615286
F-Measure:0.5897435897435898
