
precision:0.20128824476650564,recall:0.9168704156479217
precision:0.9967573664175948,recall:0.8271908271908271
precision:0.75,recall:0.75
F-Measure:0.33010563380281693
F-Measure:0.9040920716112532
F-Measure:0.75
