
precision:0.47396672034353193,recall:0.47626752966558794
precision:0.8640913576765825,recall:0.8637260428410372
precision:0.8409090909090909,recall:0.74
F-Measure:0.47511433952111914
F-Measure:0.8639086616392979
F-Measure:0.7872340425531915
