
precision:0.941079295154185,recall:0.9505005561735261
precision:0.9241706161137441,recall:0.9263657957244655
precision:0.9212121212121213,recall:0.9262644728823888
precision:0.9447453954496208,recall:0.9291422482685135
F-Measure:0.9457664637520753
F-Measure:0.9252669039145907
F-Measure:0.9237313886356731
F-Measure:0.9368788611334945
