Accuracy:0.8262592999146238
predicted
_________
|1424 0 142 |
|8405 39223 0 |
|0 0 0 |
fmeasure:0.3843864150911062,

precision:0.14487740360158713,recall:0.909323116219668
precision:1.0,recall:0.8235281767027799
precision:0.0,recall:0.0
F-Measure:0.24993418165862216
F-Measure:0.9032250636146963
F-Measure:0.0
