Accuracy:0.7545838923445949
predicted
_________
|3828 6034 38 |
|5960 33189 0 |
|41 0 104 |
fmeasure:0.6532525045410621,

precision:0.3894597619289857,recall:0.38666666666666666
precision:0.8461616908446574,recall:0.8477611177807862
precision:0.7323943661971831,recall:0.7172413793103448
F-Measure:0.3880581884535455
F-Measure:0.846960649211453
F-Measure:0.7247386759581881
