Accuracy:0.7446233280481359
predicted
_________
|3712 6386 60 |
|6028 32837 0 |
|89 0 82 |
fmeasure:0.5788095359857485,

precision:0.3776579509614406,recall:0.3654262650127978
precision:0.8371873645565102,recall:0.8448990093914833
precision:0.5774647887323944,recall:0.47953216374269003
F-Measure:0.3714414369340071
F-Measure:0.8410255096813851
F-Measure:0.5239616613418531
