Accuracy:0.7166321096068626
predicted
_________
|3015 7009 117 |
|6696 32214 0 |
|118 0 25 |
fmeasure:0.43399516248788456,

precision:0.3067453454064503,recall:0.29730795779508923
precision:0.821303826836295,recall:0.8279105628373169
precision:0.176056338028169,recall:0.17482517482517482
F-Measure:0.3019529293940911
F-Measure:0.8245939615783344
F-Measure:0.1754385964912281
