Accuracy:0.8362808472577956
predicted
_________
|1836 11 50 |
|7972 39212 0 |
|21 0 92 |
fmeasure:0.6474435145515068,

precision:0.186794180486316,recall:0.9678439641539273
precision:0.9997195523034954,recall:0.8310444218379112
precision:0.647887323943662,recall:0.8141592920353983
F-Measure:0.31315026436977655
F-Measure:0.9076116518337635
F-Measure:0.7215686274509804
