Accuracy:0.7852786925234785
predicted
_________
|4633 5324 43 |
|5153 33899 0 |
|43 0 99 |
fmeasure:0.6768766211280718,

precision:0.4713602604537593,recall:0.4633
precision:0.8642633148917727,recall:0.8680477312301547
precision:0.6971830985915493,recall:0.6971830985915493
F-Measure:0.46729537546018457
F-Measure:0.8661513893324817
F-Measure:0.6971830985915493
