
precision:0.935093509350935,recall:0.9539842873176206
precision:0.9173553719008265,recall:0.8977469670710572
precision:0.947083583884546,recall:0.9156976744186046
precision:0.907945205479452,recall:0.9377475947934352
F-Measure:0.9444444444444444
F-Measure:0.9074452554744525
F-Measure:0.9311262193319539
F-Measure:0.9226057906458797
