WallFollowerAgent-fmeasure:0.7356856729714041,
SmartWallFollowerAgent-fmeasure:0.7472039018423258,
RandomAgent-fmeasure:0.2015010231944306,
SmartRandomAgent-fmeasure:0.2738290047496429,
StraightLineAgent-fmeasure:0.5475091020994628,
SmartStraightLineAgent-fmeasure:0.5583392673852797,
ZigZagAgent-fmeasure:0.5538571498287976,
FixedSequenceAgent-fmeasure:0.37318268971432733,
