WallFollowerAgent-fmeasure:0.9949563272386053,
SmartWallFollowerAgent-fmeasure:0.9179352893598273,
RandomAgent-fmeasure:0.1767409251657779,
SmartRandomAgent-fmeasure:0.32856780600607294,
StraightLineAgent-fmeasure:0.5071045952309422,
SmartStraightLineAgent-fmeasure:0.4651085790129925,
ZigZagAgent-fmeasure:0.35203144355180394,
FixedSequenceAgent-fmeasure:0.4975356139812522,
