WallFollowerAgent-fmeasure:0.8267121369798898,
SmartWallFollowerAgent-fmeasure:0.9178345212718879,
RandomAgent-fmeasure:0.20659149705302168,
SmartRandomAgent-fmeasure:0.3452411850274122,
StraightLineAgent-fmeasure:0.9408057691103581,
SmartStraightLineAgent-fmeasure:0.9383280078942013,
ZigZagAgent-fmeasure:0.8631844271298187,
FixedSequenceAgent-fmeasure:0.6750341951151039,
