WallFollowerAgent-Accuracy:0.8497142857142858,
SmartWallFollowerAgent-Accuracy:0.9324285714285716,
RandomAgent-Accuracy:0.20785714285714288,
SmartRandomAgent-Accuracy:0.34714285714285714,
StraightLineAgent-Accuracy:0.9415714285714286,
SmartStraightLineAgent-Accuracy:0.9385714285714287,
ZigZagAgent-Accuracy:0.9541428571428572,
FixedSequenceAgent-Accuracy:0.6775714285714285,
